$:	-1.5	0.80623	[-1, -1, -1, -1, -3, -1, -3, -1, -2, -1]
%)	-0.4	1.0198	[-1, 0, -1, 0, 0, -2, -1, 2, -1, 0]
%-)	-1.5	1.43178	[-2, 0, -2, -2, -1, 2, -2, -3, -2, -3]
(':	2.3	0.9	[1, 3, 3, 2, 2, 4, 2, 3, 1, 2]
(-:	1.6	0.8	[2, 2, 1, 3, 1, 1, 1, 3, 1, 1]
):	-1.8	0.87178	[-1, -3, -1, -2, -1, -3, -1, -3, -1, -2]
:)	2.0	0.8	[2, 2, 1, 3, 2, 2, 2, 3, 1, 2]
:(	-2.0	0.8	[-2, -2, -1, -3, -2, -2, -2, -3, -1, -2]
:D	3.0	0.8	[3, 3, 3, 3, 3, 3, 3, 3, 3, 3]
:'(	-2.5	0.8	[-3, -2, -2, -3, -2, -2, -3, -3, -2, -2]
bagus	2.0	0.5	[2, 2, 2, 2, 2, 2, 2, 2, 2, 2]
baik	1.8	0.5	[2, 2, 2, 2, 2, 1, 1, 2, 2, 2]
bahagia	3.0	0.5	[3, 3, 3, 3, 3, 3, 3, 3, 3, 3]
senang	2.5	0.5	[3, 2, 3, 2, 3, 2, 3, 2, 3, 2]
gembira	2.5	0.5	[3, 2, 3, 2, 3, 2, 3, 2, 3, 2]
suka	2.0	0.5	[2, 2, 2, 2, 2, 2, 2, 2, 2, 2]
cinta	3.0	0.5	[3, 3, 3, 3, 3, 3, 3, 3, 3, 3]
sayang	2.8	0.5	[3, 3, 3, 3, 2, 3, 3, 3, 2, 3]
hebat	2.5	0.5	[3, 2, 3, 2, 3, 2, 3, 2, 3, 2]
keren	2.5	0.5	[3, 2, 3, 2, 3, 2, 3, 2, 3, 2]
mantap	2.5	0.5	[3, 2, 3, 2, 3, 2, 3, 2, 3, 2]
luar biasa	3.0	0.5	[3, 3, 3, 3, 3, 3, 3, 3, 3, 3]
sempurna	3.0	0.5	[3, 3, 3, 3, 3, 3, 3, 3, 3, 3]
cantik	2.5	0.5	[3, 2, 3, 2, 3, 2, 3, 2, 3, 2]
ganteng	2.5	0.5	[3, 2, 3, 2, 3, 2, 3, 2, 3, 2]
tampan	2.5	0.5	[3, 2, 3, 2, 3, 2, 3, 2, 3, 2]
indah	2.5	0.5	[3, 2, 3, 2, 3, 2, 3, 2, 3, 2]
sukses	2.8	0.5	[3, 3, 3, 3, 2, 3, 3, 3, 2, 3]
berhasil	2.5	0.5	[3, 2, 3, 2, 3, 2, 3, 2, 3, 2]
menang	2.5	0.5	[3, 2, 3, 2, 3, 2, 3, 2, 3, 2]
juara	3.0	0.5	[3, 3, 3, 3, 3, 3, 3, 3, 3, 3]
pintar	2.0	0.5	[2, 2, 2, 2, 2, 2, 2, 2, 2, 2]
cerdas	2.0	0.5	[2, 2, 2, 2, 2, 2, 2, 2, 2, 2]
buruk	-2.0	0.5	[-2, -2, -2, -2, -2, -2, -2, -2, -2, -2]
jelek	-2.0	0.5	[-2, -2, -2, -2, -2, -2, -2, -2, -2, -2]
jahat	-2.5	0.5	[-3, -2, -3, -2, -3, -2, -3, -2, -3, -2]
sedih	-2.5	0.5	[-3, -2, -3, -2, -3, -2, -3, -2, -3, -2]
kecewa	-2.5	0.5	[-3, -2, -3, -2, -3, -2, -3, -2, -3, -2]
marah	-2.5	0.5	[-3, -2, -3, -2, -3, -2, -3, -2, -3, -2]
kesal	-2.0	0.5	[-2, -2, -2, -2, -2, -2, -2, -2, -2, -2]
benci	-3.0	0.5	[-3, -3, -3, -3, -3, -3, -3, -3, -3, -3]
jijik	-2.5	0.5	[-3, -2, -3, -2, -3, -2, -3, -2, -3, -2]
menjijikkan	-3.0	0.5	[-3, -3, -3, -3, -3, -3, -3, -3, -3, -3]
bodoh	-2.0	0.5	[-2, -2, -2, -2, -2, -2, -2, -2, -2, -2]
tolol	-2.5	0.5	[-3, -2, -3, -2, -3, -2, -3, -2, -3, -2]
idiot	-2.5	0.5	[-3, -2, -3, -2, -3, -2, -3, -2, -3, -2]
gagal	-2.5	0.5	[-3, -2, -3, -2, -3, -2, -3, -2, -3, -2]
kalah	-2.0	0.5	[-2, -2, -2, -2, -2, -2, -2, -2, -2, -2]
rugi	-2.0	0.5	[-2, -2, -2, -2, -2, -2, -2, -2, -2, -2]
hancur	-3.0	0.5	[-3, -3, -3, -3, -3, -3, -3, -3, -3, -3]
rusak	-2.0	0.5	[-2, -2, -2, -2, -2, -2, -2, -2, -2, -2]
sakit	-2.0	0.5	[-2, -2, -2, -2, -2, -2, -2, -2, -2, -2]
mati	-2.5	0.5	[-3, -2, -3, -2, -3, -2, -3, -2, -3, -2]
gokil	2.5	0.5	[3, 2, 3, 2, 3, 2, 3, 2, 3, 2]
mantul	2.5	0.5	[3, 2, 3, 2, 3, 2, 3, 2, 3, 2]
asik	2.0	0.5	[2, 2, 2, 2, 2, 2, 2, 2, 2, 2]
asyik	2.0	0.5	[2, 2, 2, 2, 2, 2, 2, 2, 2, 2]
cakep	2.0	0.5	[2, 2, 2, 2, 2, 2, 2, 2, 2, 2]
kece	2.0	0.5	[2, 2, 2, 2, 2, 2, 2, 2, 2, 2]
jos	2.5	0.5	[3, 2, 3, 2, 3, 2, 3, 2, 3, 2]
top	2.5	0.5	[3, 2, 3, 2, 3, 2, 3, 2, 3, 2]
oke	1.5	0.5	[2, 1, 2, 1, 2, 1, 2, 1, 2, 1]
sip	1.5	0.5	[2, 1, 2, 1, 2, 1, 2, 1, 2, 1]
kampret	-2.5	0.5	[-3, -2, -3, -2, -3, -2, -3, -2, -3, -2]
anjir	-2.0	0.5	[-2, -2, -2, -2, -2, -2, -2, -2, -2, -2]
anjing	-2.5	0.5	[-3, -2, -3, -2, -3, -2, -3, -2, -3, -2]
sialan	-2.5	0.5	[-3, -2, -3, -2, -3, -2, -3, -2, -3, -2]
brengsek	-3.0	0.5	[-3, -3, -3, -3, -3, -3, -3, -3, -3, -3]
bangsat	-3.0	0.5	[-3, -3, -3, -3, -3, -3, -3, -3, -3, -3]
keparat	-2.5	0.5	[-3, -2, -3, -2, -3, -2, -3, -2, -3, -2]
tai	-2.5	0.5	[-3, -2, -3, -2, -3, -2, -3, -2, -3, -2]
sial	-2.0	0.5	[-2, -2, -2, -2, -2, -2, -2, -2, -2, -2]
celaka	-2.5	0.5	[-3, -2, -3, -2, -3, -2, -3, -2, -3, -2]
bego	-2.0	0.5	[-2, -2, -2, -2, -2, -2, -2, -2, -2, -2]
goblok	-2.5	0.5	[-3, -2, -3, -2, -3, -2, -3, -2, -3, -2]
kampungan	-2.0	0.5	[-2, -2, -2, -2, -2, -2, -2, -2, -2, -2]
norak	-2.0	0.5	[-2, -2, -2, -2, -2, -2, -2, -2, -2, -2]
terima kasih	2.0	0.5	[2, 2, 2, 2, 2, 2, 2, 2, 2, 2]
terimakasih	2.0	0.5	[2, 2, 2, 2, 2, 2, 2, 2, 2, 2]
makasih	2.0	0.5	[2, 2, 2, 2, 2, 2, 2, 2, 2, 2]
thanks	2.0	0.5	[2, 2, 2, 2, 2, 2, 2, 2, 2, 2]
maaf	-1.0	0.5	[-1, -1, -1, -1, -1, -1, -1, -1, -1, -1]
menyesal	-2.0	0.5	[-2, -2, -2, -2, -2, -2, -2, -2, -2, -2]
salah	-1.5	0.5	[-2, -1, -2, -1, -2, -1, -2, -1, -2, -1]
benar	1.5	0.5	[2, 1, 2, 1, 2, 1, 2, 1, 2, 1]
betul	1.5	0.5	[2, 1, 2, 1, 2, 1, 2, 1, 2, 1]
tepat	1.5	0.5	[2, 1, 2, 1, 2, 1, 2, 1, 2, 1]
akurat	1.5	0.5	[2, 1, 2, 1, 2, 1, 2, 1, 2, 1]
lezat	2.0	0.5	[2, 2, 2, 2, 2, 2, 2, 2, 2, 2]
enak	2.0	0.5	[2, 2, 2, 2, 2, 2, 2, 2, 2, 2]
nikmat	2.5	0.5	[3, 2, 3, 2, 3, 2, 3, 2, 3, 2]
menyenangkan	2.5	0.5	[3, 2, 3, 2, 3, 2, 3, 2, 3, 2]
menggembirakan	2.5	0.5	[3, 2, 3, 2, 3, 2, 3, 2, 3, 2]
membahagiakan	3.0	0.5	[3, 3, 3, 3, 3, 3, 3, 3, 3, 3]
menarik	2.0	0.5	[2, 2, 2, 2, 2, 2, 2, 2, 2, 2]
mengagumkan	2.5	0.5	[3, 2, 3, 2, 3, 2, 3, 2, 3, 2]
menakjubkan	2.5	0.5	[3, 2, 3, 2, 3, 2, 3, 2, 3, 2]
fantastis	2.5	0.5	[3, 2, 3, 2, 3, 2, 3, 2, 3, 2]
wow	2.5	0.5	[3, 2, 3, 2, 3, 2, 3, 2, 3, 2]
wah	2.0	0.5	[2, 2, 2, 2, 2, 2, 2, 2, 2, 2]
asyik	2.0	0.5	[2, 2, 2, 2, 2, 2, 2, 2, 2, 2]
asoy	2.0	0.5	[2, 2, 2, 2, 2, 2, 2, 2, 2, 2]
membosankan	-2.0	0.5	[-2, -2, -2, -2, -2, -2, -2, -2, -2, -2]
menjengkelkan	-2.5	0.5	[-3, -2, -3, -2, -3, -2, -3, -2, -3, -2]
menyebalkan	-2.5	0.5	[-3, -2, -3, -2, -3, -2, -3, -2, -3, -2]
mengganggu	-2.0	0.5	[-2, -2, -2, -2, -2, -2, -2, -2, -2, -2]
menyedihkan	-2.5	0.5	[-3, -2, -3, -2, -3, -2, -3, -2, -3, -2]
mengecewakan	-2.5	0.5	[-3, -2, -3, -2, -3, -2, -3, -2, -3, -2]
mengerikan	-2.5	0.5	[-3, -2, -3, -2, -3, -2, -3, -2, -3, -2]
menakutkan	-2.5	0.5	[-3, -2, -3, -2, -3, -2, -3, -2, -3, -2]
menyeramkan	-2.5	0.5	[-3, -2, -3, -2, -3, -2, -3, -2, -3, -2]
busuk	-2.5	0.5	[-3, -2, -3, -2, -3, -2, -3, -2, -3, -2]
bau	-2.0	0.5	[-2, -2, -2, -2, -2, -2, -2, -2, -2, -2]
kotor	-2.0	0.5	[-2, -2, -2, -2, -2, -2, -2, -2, -2, -2]
jorok	-2.5	0.5	[-3, -2, -3, -2, -3, -2, -3, -2, -3, -2]
najis	-3.0	0.5	[-3, -3, -3, -3, -3, -3, -3, -3, -3, -3]
payah	-2.0	0.5	[-2, -2, -2, -2, -2, -2, -2, -2, -2, -2]
lemah	-1.5	0.5	[-2, -1, -2, -1, -2, -1, -2, -1, -2, -1]
kuat	2.0	0.5	[2, 2, 2, 2, 2, 2, 2, 2, 2, 2]
tangguh	2.0	0.5	[2, 2, 2, 2, 2, 2, 2, 2, 2, 2]
perkasa	2.0	0.5	[2, 2, 2, 2, 2, 2, 2, 2, 2, 2]
dahsyat	2.5	0.5	[3, 2, 3, 2, 3, 2, 3, 2, 3, 2]
luar	1.5	0.5	[2, 1, 2, 1, 2, 1, 2, 1, 2, 1]
biasa	0.0	0.5	[0, 0, 0, 0, 0, 0, 0, 0, 0, 0]
istimewa	2.5	0.5	[3, 2, 3, 2, 3, 2, 3, 2, 3, 2]
spesial	2.5	0.5	[3, 2, 3, 2, 3, 2, 3, 2, 3, 2]
khusus	1.5	0.5	[2, 1, 2, 1, 2, 1, 2, 1, 2, 1]
